0.000000 0.000000
0.001953 0.000345
0.003906 0.000691
0.005859 0.001036
0.007812 0.001382
0.009766 0.001727
0.011719 0.002072
0.013672 0.002417
0.015625 0.002762
0.017578 0.003107
0.019531 0.003452
0.021484 0.003797
0.023438 0.004142
0.025391 0.004486
0.027344 0.004830
0.029297 0.005174
0.031250 0.005518
0.033203 0.005862
0.035156 0.006205
0.037109 0.006549
0.039062 0.006892
0.041016 0.007234
0.042969 0.007577
0.044922 0.007919
0.046875 0.008261
0.048828 0.008602
0.050781 0.008943
0.052734 0.009284
0.054688 0.009625
0.056641 0.009965
0.058594 0.010305
0.060547 0.010644
0.062500 0.010983
0.064453 0.011322
0.066406 0.011660
0.068359 0.011998
0.070312 0.012335
0.072266 0.012672
0.074219 0.013008
0.076172 0.013344
0.078125 0.013679
0.080078 0.014014
0.082031 0.014349
0.083984 0.014682
0.085938 0.015016
0.087891 0.015348
0.089844 0.015680
0.091797 0.016012
0.093750 0.016343
0.095703 0.016673
0.097656 0.017002
0.099609 0.017331
0.101562 0.017660
0.103516 0.017987
0.105469 0.018314
0.107422 0.018641
0.109375 0.018966
0.111328 0.019291
0.113281 0.019615
0.115234 0.019939
0.117188 0.020262
0.119141 0.020583
0.121094 0.020905
0.123047 0.021225
0.125000 0.021545
0.126953 0.021863
0.128906 0.022181
0.130859 0.022498
0.132812 0.022814
0.134766 0.023130
0.136719 0.023444
0.138672 0.023758
0.140625 0.024071
0.142578 0.024383
0.144531 0.024693
0.146484 0.025003
0.148438 0.025312
0.150391 0.025621
0.152344 0.025928
0.154297 0.026234
0.156250 0.026539
0.158203 0.026843
0.160156 0.027146
0.162109 0.027448
0.164062 0.027749
0.166016 0.028049
0.167969 0.028348
0.169922 0.028646
0.171875 0.028943
0.173828 0.029239
0.175781 0.029534
0.177734 0.029827
0.179688 0.030120
0.181641 0.030411
0.183594 0.030701
0.185547 0.030990
0.187500 0.031278
0.189453 0.031564
0.191406 0.031850
0.193359 0.032134
0.195312 0.032417
0.197266 0.032699
0.199219 0.032980
0.201172 0.033259
0.203125 0.033537
0.205078 0.033814
0.207031 0.034089
0.208984 0.034364
0.210938 0.034637
0.212891 0.034908
0.214844 0.035179
0.216797 0.035448
0.218750 0.035715
0.220703 0.035982
0.222656 0.036247
0.224609 0.036510
0.226562 0.036773
0.228516 0.037034
0.230469 0.037293
0.232422 0.037551
0.234375 0.037808
0.236328 0.038063
0.238281 0.038317
0.240234 0.038569
0.242188 0.038820
0.244141 0.039070
0.246094 0.039318
0.248047 0.039564
0.250000 0.039809
0.251953 0.040053
0.253906 0.040295
0.255859 0.040535
0.257812 0.040774
0.259766 0.041011
0.261719 0.041247
0.263672 0.041482
0.265625 0.041714
0.267578 0.041946
0.269531 0.042175
0.271484 0.042403
0.273438 0.042630
0.275391 0.042855
0.277344 0.043078
0.279297 0.043299
0.281250 0.043519
0.283203 0.043738
0.285156 0.043954
0.287109 0.044169
0.289062 0.044383
0.291016 0.044594
0.292969 0.044804
0.294922 0.045013
0.296875 0.045219
0.298828 0.045424
0.300781 0.045628
0.302734 0.045829
0.304688 0.046029
0.306641 0.046227
0.308594 0.046423
0.310547 0.046618
0.312500 0.046811
0.314453 0.047002
0.316406 0.047191
0.318359 0.047378
0.320312 0.047564
0.322266 0.047748
0.324219 0.047930
0.326172 0.048110
0.328125 0.048289
0.330078 0.048466
0.332031 0.048640
0.333984 0.048813
0.335938 0.048985
0.337891 0.049154
0.339844 0.049321
0.341797 0.049487
0.343750 0.049651
0.345703 0.049813
0.347656 0.049973
0.349609 0.050131
0.351562 0.050287
0.353516 0.050442
0.355469 0.050594
0.357422 0.050745
0.359375 0.050893
0.361328 0.051040
0.363281 0.051185
0.365234 0.051328
0.367188 0.051469
0.369141 0.051608
0.371094 0.051745
0.373047 0.051880
0.375000 0.052013
0.376953 0.052144
0.378906 0.052274
0.380859 0.052401
0.382812 0.052526
0.384766 0.052649
0.386719 0.052771
0.388672 0.052890
0.390625 0.053008
0.392578 0.053123
0.394531 0.053236
0.396484 0.053348
0.398438 0.053457
0.400391 0.053564
0.402344 0.053670
0.404297 0.053773
0.406250 0.053874
0.408203 0.053974
0.410156 0.054071
0.412109 0.054166
0.414062 0.054259
0.416016 0.054350
0.417969 0.054439
0.419922 0.054526
0.421875 0.054611
0.423828 0.054694
0.425781 0.054775
0.427734 0.054854
0.429688 0.054931
0.431641 0.055005
0.433594 0.055078
0.435547 0.055148
0.437500 0.055217
0.439453 0.055283
0.441406 0.055347
0.443359 0.055410
0.445312 0.055470
0.447266 0.055528
0.449219 0.055584
0.451172 0.055637
0.453125 0.055689
0.455078 0.055739
0.457031 0.055786
0.458984 0.055832
0.460938 0.055875
0.462891 0.055916
0.464844 0.055956
0.466797 0.055993
0.468750 0.056027
0.470703 0.056060
0.472656 0.056091
0.474609 0.056120
0.476562 0.056146
0.478516 0.056170
0.480469 0.056193
0.482422 0.056213
0.484375 0.056231
0.486328 0.056247
0.488281 0.056260
0.490234 0.056272
0.492188 0.056282
0.494141 0.056289
0.496094 0.056294
0.498047 0.056297
0.500000 0.056299
0.501953 0.056297
0.503906 0.056294
0.505859 0.056289
0.507812 0.056282
0.509766 0.056272
0.511719 0.056260
0.513672 0.056247
0.515625 0.056231
0.517578 0.056213
0.519531 0.056193
0.521484 0.056170
0.523438 0.056146
0.525391 0.056120
0.527344 0.056091
0.529297 0.056060
0.531250 0.056027
0.533203 0.055993
0.535156 0.055956
0.537109 0.055916
0.539062 0.055875
0.541016 0.055832
0.542969 0.055786
0.544922 0.055739
0.546875 0.055689
0.548828 0.055637
0.550781 0.055584
0.552734 0.055528
0.554688 0.055470
0.556641 0.055410
0.558594 0.055347
0.560547 0.055283
0.562500 0.055217
0.564453 0.055148
0.566406 0.055078
0.568359 0.055005
0.570312 0.054931
0.572266 0.054854
0.574219 0.054775
0.576172 0.054694
0.578125 0.054611
0.580078 0.054526
0.582031 0.054439
0.583984 0.054350
0.585938 0.054259
0.587891 0.054166
0.589844 0.054071
0.591797 0.053974
0.593750 0.053874
0.595703 0.053773
0.597656 0.053670
0.599609 0.053564
0.601562 0.053457
0.603516 0.053348
0.605469 0.053236
0.607422 0.053123
0.609375 0.053008
0.611328 0.052890
0.613281 0.052771
0.615234 0.052649
0.617188 0.052526
0.619141 0.052401
0.621094 0.052274
0.623047 0.052144
0.625000 0.052013
0.626953 0.051880
0.628906 0.051745
0.630859 0.051608
0.632812 0.051469
0.634766 0.051328
0.636719 0.051185
0.638672 0.051040
0.640625 0.050893
0.642578 0.050745
0.644531 0.050594
0.646484 0.050442
0.648438 0.050287
0.650391 0.050131
0.652344 0.049973
0.654297 0.049813
0.656250 0.049651
0.658203 0.049487
0.660156 0.049321
0.662109 0.049154
0.664062 0.048985
0.666016 0.048813
0.667969 0.048640
0.669922 0.048466
0.671875 0.048289
0.673828 0.048110
0.675781 0.047930
0.677734 0.047748
0.679688 0.047564
0.681641 0.047378
0.683594 0.047191
0.685547 0.047002
0.687500 0.046811
0.689453 0.046618
0.691406 0.046423
0.693359 0.046227
0.695312 0.046029
0.697266 0.045829
0.699219 0.045628
0.701172 0.045424
0.703125 0.045219
0.705078 0.045013
0.707031 0.044804
0.708984 0.044594
0.710938 0.044383
0.712891 0.044169
0.714844 0.043954
0.716797 0.043738
0.718750 0.043519
0.720703 0.043299
0.722656 0.043078
0.724609 0.042855
0.726562 0.042630
0.728516 0.042403
0.730469 0.042175
0.732422 0.041946
0.734375 0.041714
0.736328 0.041482
0.738281 0.041247
0.740234 0.041011
0.742188 0.040774
0.744141 0.040535
0.746094 0.040295
0.748047 0.040053
0.750000 0.039809
0.751953 0.039564
0.753906 0.039318
0.755859 0.039070
0.757812 0.038820
0.759766 0.038569
0.761719 0.038317
0.763672 0.038063
0.765625 0.037808
0.767578 0.037551
0.769531 0.037293
0.771484 0.037034
0.773438 0.036773
0.775391 0.036510
0.777344 0.036247
0.779297 0.035982
0.781250 0.035715
0.783203 0.035448
0.785156 0.035179
0.787109 0.034908
0.789062 0.034637
0.791016 0.034364
0.792969 0.034089
0.794922 0.033814
0.796875 0.033537
0.798828 0.033259
0.800781 0.032980
0.802734 0.032699
0.804688 0.032417
0.806641 0.032134
0.808594 0.031850
0.810547 0.031564
0.812500 0.031278
0.814453 0.030990
0.816406 0.030701
0.818359 0.030411
0.820312 0.030120
0.822266 0.029827
0.824219 0.029534
0.826172 0.029239
0.828125 0.028943
0.830078 0.028646
0.832031 0.028348
0.833984 0.028049
0.835938 0.027749
0.837891 0.027448
0.839844 0.027146
0.841797 0.026843
0.843750 0.026539
0.845703 0.026234
0.847656 0.025928
0.849609 0.025621
0.851562 0.025312
0.853516 0.025003
0.855469 0.024693
0.857422 0.024383
0.859375 0.024071
0.861328 0.023758
0.863281 0.023444
0.865234 0.023130
0.867188 0.022814
0.869141 0.022498
0.871094 0.022181
0.873047 0.021863
0.875000 0.021545
0.876953 0.021225
0.878906 0.020905
0.880859 0.020583
0.882812 0.020262
0.884766 0.019939
0.886719 0.019615
0.888672 0.019291
0.890625 0.018966
0.892578 0.018641
0.894531 0.018314
0.896484 0.017987
0.898438 0.017660
0.900391 0.017331
0.902344 0.017002
0.904297 0.016673
0.906250 0.016343
0.908203 0.016012
0.910156 0.015680
0.912109 0.015348
0.914062 0.015016
0.916016 0.014682
0.917969 0.014349
0.919922 0.014014
0.921875 0.013679
0.923828 0.013344
0.925781 0.013008
0.927734 0.012672
0.929688 0.012335
0.931641 0.011998
0.933594 0.011660
0.935547 0.011322
0.937500 0.010983
0.939453 0.010644
0.941406 0.010305
0.943359 0.009965
0.945312 0.009625
0.947266 0.009284
0.949219 0.008943
0.951172 0.008602
0.953125 0.008261
0.955078 0.007919
0.957031 0.007577
0.958984 0.007234
0.960938 0.006892
0.962891 0.006549
0.964844 0.006205
0.966797 0.005862
0.968750 0.005518
0.970703 0.005174
0.972656 0.004830
0.974609 0.004486
0.976562 0.004142
0.978516 0.003797
0.980469 0.003452
0.982422 0.003107
0.984375 0.002762
0.986328 0.002417
0.988281 0.002072
0.990234 0.001727
0.992188 0.001382
0.994141 0.001036
0.996094 0.000691
0.998047 0.000345
1.000000 0.000000
